3
1 0 0
0 2 0
0 0 3
5
6
7

2
  0.2760337137   1.4831854579
  1.4831854579   0.7239662863
60.000000000
-3.000000000

3
1 0 0
0 2 0
0 0 3
5
6
7

2
 -2.4306386891  -0.4951656375
 -0.4951656375  -2.5693613109
-16.000000000
54.000000000




3
1 0 0
0 2 0
0 0 3
5
6
7

4
  5.1286267371   1.1830749679  -1.8585568840  -0.6557509928
  1.1830749679   0.0325370213  -3.7421772981  -0.5974134564
 -1.8585568840  -3.7421772981   1.1629419213  -2.4137959321
 -0.6557509928  -0.5974134564  -2.4137959321  -2.324105679752

4
2 1 0 0
1 2 1 0
0 1 2 1
0 0 1 2

8
 -5.3894925631  -3.1829633736  -2.7920166493  -2.4274553917  -0.2193220423   2.9990067639   1.5365548514  -2.0693175063
 -3.1829633736   0.7059751062  -0.6377742404  -0.6004123100  -0.3399236851  -2.6458722400  -2.7494101558   1.3796769753
 -2.7920166493  -0.6377742404  -1.9120754368   3.4368651240  -1.3756069593  -4.4683144298  -0.6885261571   2.5599921930
 -2.4274553917  -0.6004123100   3.4368651240  -5.8422172633  -0.6891908722  -1.9922215921  -0.8449767245  -0.0223704235
 -0.2193220423  -0.3399236851  -1.3756069593  -0.6891908722  -2.6623297742   0.7355042741  -2.7642125263   0.7053926243
  2.9990067639  -2.6458722400  -4.4683144298  -1.9922215921   0.7355042741   1.3294910775   5.8119681095  -3.0870136216
  1.5365548514  -2.7494101558  -0.6885261571  -0.8449767245  -2.7642125263   5.8119681095  -4.8189926742  -1.9909232592
 -2.0693175063   1.3796769753   2.5599921930  -0.0223704235   0.7053926243  -3.0870136216  -1.9909232592  -5.4103584722

4
  5.1286267371   1.1830749679  -1.8585568840  -0.6557509928
  1.1830749679   0.0325370213  -3.7421772981  -0.5974134564
 -1.8585568840  -3.7421772981   1.1629419213  -2.4137959321
 -0.6557509928  -0.5974134564  -2.4137959321  -2.3241056797



7
2 3 5 1 6 7 8
3 2 7 5 8 1 7
5 7 4 6 7 5 2
1 5 6 3 5 1 5
6 8 7 5 2 4 9
7 1 5 1 4 3 5
8 7 2 5 9 5 8

3
1 0 0
0 2 0
0 0 3





3
1 0 0
0 2 0
0 0 3














